ACTIVE_PART_STACK__BODY_BACKGROUND_COLOR=0.0, 0.0, 0.16862746
ACTIVE_PART_STACK__BORDER_COLOR=0.0, 0.017857142, 0.8784314, 0|0.0, 0.0059523806, 0.65882355, 33
ACTIVE_PART_STACK__CLOSE_BUTTON_LINE_WIDTH=3
ACTIVE_PART_STACK__HEADER_BACKGROUND_COLOR=0.0, 0.017857142, 0.8784314, 0|0.0, 0.0059523806, 0.65882355, 33
ACTIVE_PART_STACK__HOVER_FILL_COLOR=0.0, 0.0, 0.16862746, 0|0.0, 0.0059523806, 0.65882355, 57
ACTIVE_PART_STACK__HOVER_TEXT_SHADOW_POSITION=0, 0
ACTIVE_PART_STACK__UNSELECTED_BORDER_COLOR=0.0, 0.017857142, 0.8784314, 0|0.0, 0.0059523806, 0.65882355, 32
ACTIVE_PART_STACK__UNSELECTED_FILL_COLOR=0.0, 0.017857142, 0.8784314, 0|0.0, 0.0059523806, 0.65882355, 32
ACTIVE_PART_STACK__UNSELECTED_TEXT_SHADOW_COLOR=0.0, 0.0, 0.5478723
ACTIVE_PART_STACK__UNSELECTED_TEXT_SHADOW_POSITION=0, 0
EDITORS_PART_STACK__FILL_COLOR=0.0, 0.57978725, 0.95212764, 0|0.0, 0.0, 0.7606383, 100
INACTIVE_PART_STACK__BODY_BACKGROUND_COLOR=0.0, 0.0, 0.9787234
INACTIVE_PART_STACK__CLOSE_BUTTON_LINE_WIDTH=3
INACTIVE_PART_STACK__HOVER_TEXT_SHADOW_COLOR=0.0, 0.0, 0.0
INACTIVE_PART_STACK__HOVER_TEXT_SHADOW_POSITION=0, 0
INACTIVE_PART_STACK__SELECTED_FILL_COLOR=0.0, 0.01357466, 0.8666667, 0|0.0, 0.01357466, 0.8666667, 98
INACTIVE_PART_STACK__UNSELECTED_FILL=true
INACTIVE_PART_STACK__UNSELECTED_TEXT_SHADOW_COLOR=0.0, 0.0, 0.0
INACTIVE_PART_STACK__UNSELECTED_TEXT_SHADOW_POSITION=0, 0
LAYOUT__BORDER_RADIUS=2
LAYOUT__CLOSE_BUTTON_VERTICAL_ALIGNMENT=0
LAYOUT__TAB_HEIGHT=25
LAYOUT__TAB_ITEM_PADDING=7
LAYOUT__TAB_ITEM_SPACING=3
LAYOUT__TAB_SPACING=3
TEXT_EDITOR__RULER_COLOR=0.0, 0.0, 0.2
TEXT_EDITOR__UNDER_LINE_COLOR=0.0, 0.0, 1.0
TEXT_EDITOR__UNDER_LINE_STYLE=0
WINDOW__BACKGROUND_COLOR=0.0, 0.031914894, 0.5
WINDOW__PERSPECTIVE_SWITCHER_FILL_COLOR=197.14285, 0.079545446, 0.34509805, 0|197.14285, 0.079545446, 0.34509805, 12
WINDOW__PERSPECTIVE_SWITCHER_KEY_LINE_COLOR=0.0, 0.036649212, 0.7490196
WINDOW__STATUS_BAR_FILL_COLOR=0.0, 0.036649212, 0.7490196, 0|0.0, 0.04210526, 0.74509805, 26
WINDOW__TOOLBAR_FILL_COLOR=0.0, 0.03723404, 0.75, 0|0.0, 0.04255319, 0.7446809, 23
eclipse.preferences.version=1
